110680464708545282816
32425978907167295488
95764703075971907584
2310839207372787712
83605144609698643968
18483073179138981888
562675092290623
492829830411263
321225400754175
32562714404639073227
22166154586135535559
115083338110546091349
36892925206038839488
115147480852678706176
51808928288303751168
112700398977664551988
41802653393842233400
14007541299991339690
143106443598532709120
17179869184
132658191420959507200
73786976363557683200
112991303898738201344
120498632954686243584
129163537750245311232
137438953472
147573952589676412927
115147973699688986623
110680464691365413632
125596225877262188543
36893488344987599616
145263113399483494399
137755784343535452159
129090879547976384511
110680464571106329344
110680957297857524735
240518169344
110680785770737278975
163208758016
143243178872666186699
132846619131472060359
115083338351064260437
110680464468027113728
147573460000364171008
110680464468027113472
147573631527484416768
110680464545336524800
115011238425555509044
125407798166749635384
143171078947157435306
240518169088
115147481110376744704
110680464450847244288
125595904815070192384
36893488181778841600
112700399235362590516
115589629920608674616
124688005905457406890
103079215616
143106936187844951039
257698038528
132658512483151503359
73786976526766441216
145554018062859105227
142664787377613021127
133566411392764288853
110680464605466067200
109743920317243607040
18446761665895596032
34736818097360214016
106807716295639074816
9223407221226864640
32462290420410681344
70256011179600101375
13979217241271699456
73192215201204633599
23202571685940430848
147537641076433027071
32426480009608166463
61572651419648
32426264930747391999
35201820657664
32562775994470362059
32425917317336006656
36001274214069116871
18590859279233714176
147509281815892729173
147573451487235541952
32425917334515875840
147573666566096316416
32425943705346637824
147437155502373346356
61589831288832
143998657282774591544
13835119627933581312
32490649680950979242
36892986795870128320
70255725156020004864
13979182039451041792
145126316312180427828
69616919894302812216
4611712406706716672
32454338167707593386
143106944700973580095
109744206340823703551
18446796867716253696
34873615184663280587
110383011602540896199
27814266500460578816
147545593329136115029
95769558536642646016
2305983746702049280
105582871322112868352
95801014589215293440
147569097129005674495
93458719329269858304
95765105222365477951
160528698720256
95765055097445938175
140808356380672
109808615741996524491
18518801738614456320
95953291478391939015
21977566183715504128
133530240584798068053
77317800601719930880
147573550443282842560
95764542547273187328
147573600568202382336
95764562267615526912
133530039923651796020
77245901337357451264
147385364187256381496
73787136892256403456
109808415080850252458
18446902474251976704
110680062098295242944
133594383326930682880
133525184462981057588
74939917590655401984
137567195941115420728
109772103567606866602
132658593567353077567
109744272338717637631
109813471202667262923
20824785485316505600
105771459724532899783
133566552098041453909
85915702342094721024
281474976710656
20793630911535058944
63969089454954479615
2310557732396077056
129091160885514141695
2310909301247441983
492581217636352
2310839455985562623
2310878940474351615
281492299190272
22166647167353167815
2310346626155155456
115083830691763723605
147573882495801758656
2310346626155151360
147573952341063638016
147573912856574849024
2310557715073597440
127718144629696032824
492581217632256
34800961105285477034
36893417804436345024
2310346608975282176
115147973451076211712
54115193527304990720
4573968371548160
44113281494974099512
211106240921600
16318169401123205802
112991373992612855615
492598397505536
34736818345972988927
95769598269744209919
2306265239001239552
105771510302075101127
2310628101131866112
133566622395925994837
102087936313860915200
83605386227391396927
321057399537664
83605355894754898943
281544774156288
83605144777699860479
106926472509180208075
9241386505157509120
124325006090680311125
74363476629564424192
147573710971983659968
83604823552299106304
147573741304620157952
83604863064924487680
147573952421675196416
124252624690194848820
74363758104541134848
106854091108694745770
9241667980134219776
110680222626996060352
9817847188741423104
124371169618679727104
74381455843697623040
125596225709260972032
121942066957798771764
88371299404532474538
120498874572378996543
73787297420957220864
106807927580695329791
9223688766001020928
105582871490114084863
109237030241576285131
142807797794842582357
18483335687554726975
300166676545536
18483284392256599039
281616712794112
18483112787826941951
32563014571315553227
18482773012462501888
22166454752812015559
147573690081260667840
18482773012462436352
147573741376558795776
18482791562426187776
147573912980988452864
133494011197499841588
300166676480000
143890571016003379256
36893225510154338496
18482772875023482880
133594524135287096320
36029896530591744
70255971570912141312
131183453465103764532
18691699769344
60285707881281445944
129163800258661056319
300304115499008
32462501633528298495
18447043282608390144
95801054197903253503
34873572303711630283
18483054487439212544
105771317887533948871
562923697078271
492581225623615
562843082555391
321057410489407
32563277079731240959
122891
22166717261227753471
72711
115083858729314024831
42056324357141
147573952341071625279
70093866667008
147573952421686148159
241617681801216
115011238185037462591
562675092167732
125407798003540950079
562675092217912
32490656535454678719
520618767933482
115148035006555749439
8521215247360
51809409874412960831
81088983080960
112700891558882311231
70093874531380
41802974451241843775
241617692680248
14007883522992242367
220452091387946
32426480258212954111
554153877043263
95765105390355742719
481586109209663
34873623705886392319
492581217759243
105771540813526859775
321057399610375
133566631741776461183
342223000902677
532438505750527
281616725414911
32563206985864573951
248604910539
22166647272050917375
143915029447
115083830940372303871
4198741
147573912981001073663
211213104996352
115011238433642250239
492581225500724
125407798147455906815
492685915381816
32490614479134520319
492829826212522
36893418027782632447
8086618304
51809350713385546751
70404748615680
112700891807487098879
7864372
41802935082531419135
211141141225528
14007822916708332543
211213113418410
110681027391724191743
492821743792959
95765094706121277439
422425081795583
34873553612019725311
492829822546891
105771510336975405055
281688689185735
133566622502798491647
281616716992853
32563035488020594687
142019232715
22166475643545952255
167990337479
115083619727267307519
39608679538005
115011238327056572415
321083381521460
125407798171531214847
321057410416696
32490654087809859583
281616721216170
36893246426658086911
4781506752
115147797671224778751
4406854681600
112700680611982974975
39591082331188
41802974619232108543
10879032
14007862525383671807
8422058
110681027388419080191
321220619247423
32426476143852388351
316818546072575
34873593203094192127
281634318422987
105771299195845058559
321225389875143
133566411289693495295
321225392332117
36028234343871807439
18700634646902801347
147573431970908602335
72620544276562241
144108432650443678715
13862079757736271880
32563235023406883819
32490093860362510986
36892925446557131723
32562714164120780992
147573398418619623371
136796838698156032
70327730168937440203
14043912524005384192
69744674545902543867
4620693252578762760
32562934856730403819
14007320847900009098
143243741547758354431
240518292235
32563268575695862783
32425917565940917195
109808936825378045951
18518801880633689035
110391992448412942287
27942021152060310467
147573732137585082335
18555393556739064129
133711352213172330455
3538140483509296453
36028754962639618031
18628014102626239106
36892925369247670215
22166154422926704832
133738340275827449799
3575295162986791936
73786494640009592775
188588234429693952
133711380250722508791
1155173313077578756
36028454795963138031
145241090163737218
132847181806564278271
163208830727
36001766899984498687
18590859423148743623
95953612535802355711
21977566351705841607
36028726925089439695
21010981273057956803
133711652379848810455
22020913495971798341
147573431730390310357
4402831586194620480
115147516054503562581
115083302908721234944
129126768498703220053
37765497900146622464
115083366148096269685
112700370940114373652
119704270506915954045
37181720997472370704
115083858969832193919
110680506524351470869
147509774645718941695
35201824856405
133530522201519284223
77317840210399468885
147573924552126234591
2382967170431717697
142953020193306550231
77901617113073720645
147573398178101331136
4467007880616214528
73786494476800762048
14915359017541828608
147573459750760615156
2019864432942776320
73786655005510361336
4908923594370711552
36893145761209443050
14007320744820736128
36893479617613921279
32425917325422624960
110680383318914490367
21977566188497010880
36893418044954637259
34873060773096063168
110680222790204891079
31984001611668127936
147573732034505809365
22885604461218103360
129126733296878363648
37829675844104093696
115147542425337990196
112700337405005267968
119759404400526648376
37190729845994291200
129126874105243166378
28148047426879488
133594700145476755455
77317805008574612480
147573891017017128907
2447143447673438208
142962029041828470727
77956751006684414976
133594559337111952725
115119332805251826688
126748885470041484340
37760441795926818816
51809088817013350456
41802492865132634112
51809069096668553898
14007400491626536960
72633995407938679755
14048486492376932352
147573792060966813639
10006435423171117056
147573811781311610197
37801527796677214208
117321303336484236348
37181749035022549040
126707930931805482686
9345850408992
142953048230856728567
75518649942642002948
133566420635535482229
112700389631814142996
51189280989163479738
4620913704670093352
138187324994355166589
37181739689172140048
